-0.004702376044842851
-0.2977704936791823
-0.02082040802666223
0.12890162189213294
0.13065883752656343
-0.13642616002995347
0.16565507637987087
-0.19836735947876546
0.058152385637446506
0.03356609420003733
0.08413624175864323
-0.01343340490600406
-0.2702245802203839
-0.02110554219975413
-0.35386180374680093
0.003367507908344813
0.0037546975043997247
-0.1763869583616998
0.15960251724012045
-0.12402561402817544
0.5042675440353649
-0.13388878272766136
0.33910776276183985
-0.024384061157638824
0.3228724880816736
-0.021758103198215938
-0.22010094791512633
-0.31590830070274
-0.011831674929784819
-0.34482414025721203
0.34003618002140146
0.3398077173810482
0.1622159718644211
-0.16830991866245706
0.11633006803810358
0.014257912287722826
0.1411623899333371
-0.37539043508441977
-0.031486508257603435
-0.3288469904567651
-0.1568045178268844
0.1845165706298092
-0.2570644945157348
-0.037292349907225825
-0.203814207998564
0.16879680277036588
0.011146001323847105
-0.2547577885881867
-0.20697339066340037
0.18580959892697252
0.09010731932686908
-0.09541129008371768
0.33372952508679
-0.539846366199874
-0.15910371646469312
0.31201485703742804
-0.11022778847784781
-0.057519983299597933
0.151896929332877
0.13645829456561062
0.33415207009505316
0.33814427979365264
-0.01933410630052018
0.18738919019238556
-0.32027869607441606
0.38338668673309584
0.15668686362267795
0.3457938971238077
-0.1785810741639251
0.4858317092646819
-0.5105802758289284
0.34830160560857104
-0.3970561014602243
-0.36923860938670083
-0.38647024772491334
0.1274918823782559
-0.2685899242657094
-0.2791865420716763
0.353465587067789
-0.3965465277660878
0.03717532484346338
-0.33736769104355224
-0.1270279177337584
0.49055512443510724
-0.004075215068949013
-0.33717017252975046
-0.1259527024454821
0.31958827246136595
0.35639095208178717
0.5432116080925754
-0.13866509789674522
-0.23701181930029563
-0.31116179238365427
-0.15601100685287425
0.2469073185328103
-0.06342468734120674
-0.035049089324298066
0.20979750037113026
0.11087174517266632
0.3362175743902119
0.23772960126274323
0.21799719049535435
-0.177047849916599
-0.36568078231415835
-0.05905966633191283
0.30428684124740346
-0.13399776778691266
-0.17836202043889676
0.5202177132290764
0.39414225489796845
-0.01644719326234742
0.19730514387975798
-0.013248367362756953
0.03922742875178484
-0.18100150007382956
0.039870883786760236
0.05865155315936663
-0.024767598722476414
-0.24358798375543342
-0.33317264663479845
0.2709575386644233
0.04168447372815054
0.13569800939449825
0.15607551575806006
0.17249749179092685
-0.2892150052418979
-0.09128884932525508
-0.16564535727866267
0.2640760011807482
0.013895937700931997
0.21959095906333928
0.17750271675443555
0.5620754751673503
-0.013836892239907018
0.2186400635792613
-0.20099560401685518
0.2047969241494448
-0.33632518244068677
-0.5208881862163305
-0.5217012909875454
-0.1158912007711396
-0.22827572438967678
-0.2063268781649582
0.2041237533092638
-0.1852548395277515
0.1943913457240582
-0.005832675724922508
-0.1862976782031382
0.2335354222933118
0.13705692251880738
0.15970807171248275
0.3206876672806095
-0.09794821292664611
-0.08974116264782026
-0.029093959475087194
-0.06945442267932221
0.01606428997095452
-0.1629360058744171
0.20026856841003804
0.16276891404278018
-0.16595566342987278
0.022047541957538976
0.16143172380977042
0.14883723272325106
-0.04012687384084699
-0.39617793895496806
0.29897130641508607
-0.1099386774721361
-0.2822560413855992
0.09399469473620956
-0.2017418461848691
-0.03226161444408352
-0.19493496862308546
-0.28729351470552944
-0.11202781561257605
-0.0647360376373636
0.06345340854110786
0.07914685185822157
-0.09718002573718199
-0.10470140007787593
0.1265015672773142
0.32797410553703005
0.2858947471069868
-0.19848706387759363
0.3086399386119574
-0.009382467865391302
0.06473224565315026
0.3502385793083455
0.2101153713576136
-0.29073018274621654
-0.14870711898205716
0.12582566885153232
0.3256899339533285
-0.01703450255486667
0.16095499649081332
-0.04637153857529636
-0.28699666708528043
0.018508916320963006
0.10822203709072536
0.461485008094184
0.39324741284738535
0.5161843732082807
-0.529590079768565
-0.4946314079787513
-0.03288442268936135
0.14547960448383804
0.03681292099455087
0.13531188161068536
0.44998342323136936
-0.18489584224574046
-0.180365699540661
0.022743722783083686
0.1033594864563615
-0.028436278834262186
0.17743543422387192
0.06072019303045484
0.31977066285134786
-0.15238074956539494
-0.31887163192992773
0.12636638809566628
-0.16372190372144796
0.03908556625249559
0.044481074638604436
0.373839345182088
0.3136946685254432
-0.07950393474011812
-0.36060052206839727
0.1913684700796085
-0.312526818371872
-0.08225633616680214
0.10284447515055722
-0.06876442685316883
-0.03710807748525152
0.1307440128872238
-0.1608343560776053
-0.0313873750149318
-0.23496068011757512
0.16488317066203567
-0.3991560581304132
0.13566295880389223
0.3217138679182587
-0.0007744007054207025
-0.16424029127197956
0.059799007578800904
-0.32225963008326225
0.3588203006304383
-0.024683703044564954
-0.2955769324334101
-0.05097005440915664
0.0864606898998095
0.2107859257605843
-0.3896155853765016
0.2341464622445699
0.08902398844047239
0.021182623467238065
-0.32381336014786116
-0.0911571763499214
0.42774114981696376
0.23135157827879188
-0.3153143044218056
-0.18108579105776587
-0.16881072080327497
0.016711884542251147
-0.35593998071140315
-0.0631851617410053
-0.14480434924352587
-0.038235954855384904
-0.2648522663641892
-0.5307719144137144
-0.15776827616416197
-0.16077282515109098
0.1532787310690616
-0.0513050768225616
-0.0816193479985545
-0.1496870711149482
-0.05969374265371748
0.30795062052719346
-0.10718367911838449
-0.14357005610609203
0.21615024852048095
-0.36436886010599473
0.3202825973165666
-0.5117610095569571
-0.4911404719881214
0.40548513849372386
0.07156242287167146
0.30135003474810845
-0.0968575667528883
0.16561375417858173
0.15517626081093716
0.07088869938721931
0.2711298141514233
-0.15147047313605186
-0.0637086858445834
-0.12922317177622486
0.1312009471832369
-0.059874895587361136
-0.2045228434953159
0.08323240569243656
-0.008785888704471067
0.03197500887055358
0.30396055196152816
-0.005147593469741513
-0.3077284597734571
0.32661050051812274
0.5092355580304901
0.38536554637231585
0.18610834864596282
-0.21431761311852787
-0.21729980964085696
-0.2948832066236794
-0.1387627117260287
-0.07311670945519107
0.30402153691716843
0.2377427025068286
0.19933200173589175
0.1133670354651308
-0.02810044428583646
0.10601641493003977
-0.0348319512851822
-0.20354931037250468
-0.32935252482498395
0.25392811727157377
-0.33843956546694753
-0.032340617899420374
-0.21344430284591323
-0.22621031253800938
-0.3082883386864657
-0.17904885950412516
-0.35440737912317705
-0.35205661533572463
0.4690221232471435
-0.5046290936332365
0.03638144199925755
-0.36470686949473347
-0.047572434809630706
0.36561214049121066
-0.13121289069955336
0.16773928199966365
-0.15775383535949555
0.05705506584674496
0.3618124085943817
-0.09082126791286287
0.28614430085121345
-0.01687883964802155
0.1036277234371862
-0.03865805233292091
-0.3125402379226714
0.02888594528821332
0.20657940651776294
0.03424040052048907
-0.17932682796185054
0.04610694543312377
-0.18567336718506233
0.21912123835919645
0.12641148168237315
0.0060670389692158225
0.0049988381554672
0.14737393821981887
-0.351363519453168
0.5059315335548688
0.31946658158931124
-0.34367540706786
0.13227234706763438
0.33310308576905123
-0.07032001379562873
0.15637563256095396
0.3191885944824776
0.014739637166846625
-0.30167222060837734
-0.09245398902389376
-0.018538003312401845
0.10265718261172505
-0.18398991514685265
0.18582044118949964
0.08019354176096946
-0.2505014188380422
0.10686100627818237
-0.03774115731573704
0.14326345675391267
0.04397428099595034
0.04122893905674039
0.17242446587947055
-0.06793286951302042
-0.23124672060109042
0.09042310759971137
0.3858060302338477
-0.05756117112493432
0.04810677780785498
0.0654994699159047
-0.26616510331396337
0.02934523359202116
-0.1940139912451188
-0.2736109376215846
-0.5212293467469681
-0.013840641210357694
0.17027418659330767
-0.32791979009124694
-0.13112630797745156
-0.2172648183350647
0.20018173274014756
0.5116976645662187
-0.5108290863436825
-0.15629884205329006
0.3379415419827885
-0.09223724195710989
0.2568565508927468
-0.13312050310271367
-0.10709788094331243
0.029280063802968836
0.10460608645362898
0.25294314945186575
-0.5006087992421036
0.393445290530397
0.05909934910880038
-0.3245355712144975
-0.04317901938186818
-0.18036199581786067
0.13941368494582845
-0.048121661946891305
0.07963992798069292
-0.060948549422025905
0.2442420251058615
-0.019841810817539295
-0.2535022211546202
-0.3484136308461875
-0.01742726953155788
-0.34338787580895525
-0.15466016099798602
-0.14912505573457993
0.14644283671595157
0.193550779776437
0.24315648646170573
0.16211997004723255
-0.33270650321180584
-0.37265250247528187
0.032065890168501296
0.12946065932564146
0.07028128446228991
-0.03272705528731028
0.09808770310073156
0.3283126498303384
-0.0962492705750183
-0.07547357045156969
0.12404090918324813
-0.1437063899578572
-0.36817765943308167
0.4807930613315278
-0.18269835349790786
0.2954141055782427
-0.026695934229311907
0.05063559701922594
0.027416106812982625
0.11394032382047965
-0.07438767698613727
0.0730563845809635
-0.048715463759504
0.009647536756844544
-0.34337061253199763
-0.48967372158166156
0.34442554473808773
0.4984341438742009
-0.03847267516921284
0.1621653238889555
0.09636046634664422
-0.0977847756693267
-0.021744246190904582
-0.20183638102803964
0.16379388189852737
0.0465570558912821
0.08327279762373202
-0.04116737471507155
-0.13437529711858384
-0.1621913383576413
-0.44105376668233365
-0.01217392822543967
0.21044735387332061
-0.17205909048702162
-0.3377865388149333
-0.02195278179070341
0.021237141246186562
0.1506984049177774
0.08794232790909445
-0.10517032800719346
0.1411051486185167
0.3258058201969641
-0.17040374989670162
0.409323638759849
0.31709413308759876
0.37939187725737794
-0.34740756684475355
0.5299642018322508
0.039689129527052176
-0.3226284562721107
-0.1671033397826731
0.027811890885223366
-0.3251625554118213
0.22434790227849963
0.1775082108855961
-0.26839053923655326
-0.050692298393469296
0.1471218147329822
0.02999500706946583
0.12670913937858866
0.24039342727269142
0.19321884449204485
0.06406677944989166
-0.07396683373319228
0.3325439051712452
0.3627780998897726
-0.5293496196084668