0.020080538331172088
-0.24848871754126028
-0.05821964454760681
0.08026819404559088
0.02524926797671685
-0.09899064262172491
0.12498069118860025
-0.12696241246679754
0.006436793410098868
0.02216426300548982
0.08128770540749816
-0.022470843660341605
-0.20416493169447167
-0.024636671903983484
-0.24255320812707376
0.0370110167442786
0.14749342670034796
-0.14553652388148305
0.01317640983361383
-0.1362020544488606
0.37716709392089676
0.0028514695712767296
0.3212242029418471
-0.14423764684928103
0.22060467463377398
-0.09035647255872606
-0.21432723812548793
-0.20526420492653927
0.053713206600046415
-0.2751567566271978
0.18084046267473838
0.3451919479695731
0.09174037670862903
-0.22239158711430246
-0.012405470641774236
-0.048672507254981255
0.14111350545869583
-0.3732654776786337
-0.012563687987151441
-0.19018162237723674
-0.07791225384787692
0.17778584256749438
-0.2027071944529873
-0.04574114514721464
-0.19181258590423633
0.21421240064092517
0.0795400903977381
-0.1473596540116069
-0.18855240095307574
0.19402111301452982
0.02859901830990732
-0.03681198600960527
0.18556631030926682
-0.4435701858704519
-0.1338314185072349
0.2757436796441951
-0.12271892428060742
0.008817696652947703
0.21676844140304552
0.06769038385649541
0.22652422974166597
0.34551695790979414
0.057701605069901005
0.18442154714947473
-0.21049403564201985
0.3519967950378124
0.08031376372205755
0.2835743338701895
-0.09885290337042305
0.3659455684037674
-0.4149403418430923
0.31812546097007327
-0.3719259418021263
-0.36673616049332136
-0.3278086786489518
0.07473667160598965
-0.22461686717238566
-0.21075697376434827
0.33566872007603193
-0.29270390755034104
0.015228606227794823
-0.191707828189184
-0.07536657005418798
0.3811784193720064
0.03036783886060778
-0.2092839658804239
-0.03921813233096944
0.14835591198560416
0.3573149840507274
0.4119677182282548
-0.05743463121392256
-0.19743188267117134
-0.20494477470015718
-0.041234300719672844
0.19579845079535318
0.000256314284402882
-0.051066192187723056
0.18742681369111522
0.04949946742854925
0.26033540802349553
0.17107826398394504
0.24854647565994087
-0.19105572538300689
-0.24097111869535462
-0.16055038157666535
0.23541163048438746
-0.05661095235990253
-0.18203894854330788
0.4279790484924293
0.391059779433507
-0.04644613046957344
0.1336082394306163
-0.012903128320778626
0.09821181536992427
-0.14994928878618896
0.01969535621460786
0.013825303526978451
-0.06882826115894461
-0.2164500090072669
-0.23885834973898493
0.17583185395647502
0.023066133065390217
0.18871353485988998
0.0584908687108551
0.16128787325264982
-0.2655907347319304
-0.025311467222818913
-0.045862992461886035
0.18305192195787412
0.024582806045906073
0.1292643128218554
0.15327519507559206
0.41027163864838123
0.07786257897589777
0.18568497040020662
-0.20302041290417694
0.21258012473458174
-0.19364507698425243
-0.3812982284646067
-0.46461261037342994
-0.05599978171948683
-0.2001021410673304
-0.25130760395966434
0.2045198091570711
-0.171759000350983
0.12186185612084602
-0.0016634845194108214
-0.1900312501848462
0.22443231580376438
0.14122396490874792
0.07919912292893029
0.20142708950015006
0.001493976368523879
-0.07315381673886708
0.0011850551958460659
-0.05561136176573424
-0.017185351789827132
-0.2537677300636685
0.16837343500423624
-0.0296315285706035
-0.11714132953110581
-0.01603909425134467
0.23502618334718717
0.13981299216459758
-0.04007104377174716
-0.2315322621367776
0.14767032774857802
-0.09539139037741504
-0.20899082365121815
0.10590657609945286
-0.16783535924112608
-0.003720497594593532
-0.16629203656221273
-0.23308703692306146
0.07437507595135423
-0.09374009436912953
0.026130960844540817
0.043326286521640944
-0.08045328856638191
-0.18109104959058298
0.08158084564486748
0.24600828266218783
0.2333221644581832
-0.11170360202973617
0.214346799534958
0.025155733366233682
0.11567110404465943
0.2730617767769973
0.18383422555835438
-0.23227059298178068
-0.05510993516758027
0.08228849748854904
0.22485340363609466
-0.029812334367698506
0.07811010522027417
0.025181951378730923
-0.1980612004471819
-0.040762015018308985
0.1314580045790587
0.3808148917950947
0.32758065436070555
0.39023537378697876
-0.44895148411187547
-0.3871168664737903
0.07192078579160546
0.15632490743856226
-0.008232742622244552
0.14937636818850888
0.4138934414430178
-0.060526388735973595
-0.21391380421630524
-0.0037169724426035673
0.11439368035187515
-0.027631734937096072
0.22392351059648719
0.13546146835461723
0.2679964613217976
-0.09433590702215752
-0.3404677844664457
0.10227343858291807
-0.14784818857773935
0.007923256957398352
0.1910975808215213
0.25971120923530167
0.23312844170709413
0.04668090142936221
-0.2654707871362305
0.21992471382528375
-0.24442073925888963
-0.09228980864332681
0.046223691448421166
-0.04692061069653595
-0.0019011167735356188
-0.015568307346719074
-0.05452086453400972
-0.15862507821346838
-0.22936864276915794
0.12650276937678284
-0.38159047570599364
0.013045122842500076
0.23997950506317964
-0.13470537658424625
-0.15026533422116783
0.04173823757508708
-0.21196863619019155
0.3020682006877778
-0.024970064754286363
-0.20717493212263047
-0.034748180652015
0.02115674255661219
0.1647665138014255
-0.25887623240823243
0.19134811052972261
0.14559515611156637
0.033504925340092716
-0.17103038412419083
-0.0517974105232514
0.3127686267956825
0.15976192255608102
-0.21366311195453694
-0.032595212367089677
-0.19248633581228208
-0.018277644752006827
-0.22438177143321808
0.01919071862057535
-0.03235328750435271
-0.007130089394859639
-0.1673330643032981
-0.4185901006161689
-0.09849220008700973
-0.16295352749747777
0.030229590749827853
0.00840943193602808
-0.021185061540635732
-0.03359540399865511
-0.1386814364175982
0.2409238737848337
-0.06546575853571442
-0.05520078545766793
0.1917796392472098
-0.2485452432015628
0.165828308355533
-0.4494825790429128
-0.38664477430998156
0.3194122066348265
0.13993208656178663
0.22707916183204835
-0.03170331481688639
0.2038514942973968
0.2385430261853241
0.16676184260166171
0.16387916054263335
-0.10621539041954611
-0.1625266301501669
-0.1513551039888813
0.07454439143333057
-0.12208302526195255
-0.2029713143848421
0.03221092244388565
0.03126261982475907
0.1389061801319165
0.2276747380467969
0.05869770889971773
-0.11009146115213438
0.35758721557079165
0.36629965807953685
0.3577600930815328
0.13006472096461297
-0.2027845825368761
-0.20091826964571696
-0.25713916204299037
-0.03694396062042358
-0.13091847816252383
0.25564186580962606
0.2222520957904962
0.1750172034517848
-0.013601104617176722
-0.07756272614768867
0.06960838125970989
0.04392415309822643
-0.19052292836792806
-0.28469021847145654
0.19151551359093524
-0.18469223702007856
-0.11235067355242032
-0.186046934610067
-0.18485725330743175
-0.28795910976001343
-0.18143908111967047
-0.3307845637854737
-0.34173034973908856
0.4186398389684244
-0.39211395143155536
0.021280298792029147
-0.279249106673149
-0.09087548141709233
0.2716248454243885
-0.15743348845553484
0.0990694014928888
-0.2058864772990015
0.10869886724383773
0.2469821682635028
-0.12371651787257308
0.20333112250372412
-0.06806937984114587
0.015857678076364047
0.0365167788728175
-0.2003879567703551
0.0361060756675403
0.20317493058460323
0.1018889186507623
-0.20682943359552627
0.04640625002176022
-0.08710462645864928
0.21195700073927276
0.14560442613252078
0.05257672822490416
-0.031657759280531404
0.0640536904781049
-0.3076829672537479
0.4256252000671048
0.3878279905541494
-0.35672556412858414
0.07311563354982308
0.25086836635623033
-0.051289157681522986
0.10817022730417397
0.19521506822597634
0.011853649438971367
-0.20633410196229554
0.009352926041962355
-0.018754207523665065
0.12172932350863161
-0.2642982514429992
0.16210840955269734
0.036336392672155375
-0.1856854713681581
0.14903438800281862
-0.05741352407527916
0.16593140833843587
0.04158875149798141
-0.03415221320474304
0.06021908511735005
-0.08485020124832625
-0.19964429893474636
0.07852638781847451
0.2686107033898298
-0.04361662912414926
-0.03204022941239809
0.14108933212858102
-0.25039819170498473
0.18599350418944985
-0.19682063204073239
-0.14115809744979624
-0.43913126497260413
0.050749286401770156
0.22470687839213901
-0.20921193075088068
-0.07812723053273159
-0.20659829058061155
0.1146287601820289
0.39573874415980437
-0.4057825487334043
-0.06443023766730317
0.21422002317037758
-0.008465596609247332
0.18775268456215202
-0.05769498072412522
-0.1297774138824444
0.05595857477862211
0.031170698245297817
0.2145690688008853
-0.3621412460693247
0.35800548658553544
-0.0539966674342309
-0.2656464374304458
-0.1055159975181533
-0.16388730532981544
0.07610859522709224
-0.05055015707318288
0.10398798708250383
-0.198621843888452
0.23392144366525217
-0.00996748719754423
-0.21634959013180083
-0.17693722631314107
0.01421212234642075
-0.214594267557907
-0.056770089291156525
-0.15632418419145855
0.0021760572103692796
0.16716156358689335
0.26914168989163306
0.12016545722455577
-0.39843185019014116
-0.3573127253238526
-0.03303150499781884
0.1651290558970311
-0.04032066592969324
-0.04887112480006778
0.09294616931712671
0.22332490863625667
-0.007947955828631469
-0.05766427265860042
0.019018068970361256
-0.1510918455154359
-0.34148100906333595
0.3806942962274355
-0.1283994456812743
0.2311034576763584
-0.07099347332899854
0.03817981357713077
0.017010331684221815
0.01763692858569119
-0.06675909528420026
0.029061160882180297
-0.08262306583626826
0.020546567823493844
-0.18201463197572623
-0.405908672430465
0.31407576918414465
0.41997700369868
0.049514873678788415
0.20185005970607542
0.03444983439323317
-0.04073795658161894
-0.004625744202658959
-0.18622594860114675
0.1717610665772588
0.05540962304258315
0.03974648991272191
-0.012992507577474124
-0.03038466004400897
-0.140994694531879
-0.37708344287721507
-0.006782896538080396
0.2090527263686787
-0.20079076681485203
-0.2021899456331835
-0.049022258446799104
0.03373786272087903
0.11387581755071292
0.06194663755708549
-0.21130192939360448
0.019157851014320257
0.23208469660476438
-0.06036416932794461
0.2964389647405136
0.24981494026507944
0.329104726698662
-0.34642484062338574
0.3825308397632582
0.10125388075253111
-0.25590416728186244
-0.16929971080609862
-0.059278092224511296
-0.33019633584608393
0.18047888441082102
0.1867972301137861
-0.20208267339895358
0.038523912464750315
0.1972767073368302
0.061610298304840286
0.034731767709926836
0.1804153111314734
0.18478656419019943
0.1059301875650375
-0.11554544276965759
0.2552423228370768
0.17391965239653456
-0.44417204071698496